1.130043
1.130012
1.129984
1.130423
1.129977
1.130093
1.130052
1.130697
1.130399
1.130864
1.130375
1.130274
1.131193
1.130342
1.130372
1.130294
1.130716
1.131045
1.130447
1.130328
1.130263
1.130010
1.131192
1.130905
1.129996
1.130355
1.130444
1.130294
1.130396
1.130299
1.130233
1.130233
1.129954
1.131093
1.131257
1.131137
1.130913
1.130709
1.131229
1.130530
1.130586
1.130591
1.130575
1.130385
1.130303
1.130372
1.129994
1.129955
1.130093
1.131088
1.130092
1.131199
1.131261
1.131251
1.131207
1.130099
1.130089
1.131402
1.129964
1.130141
1.130305
1.130198
1.130151
1.130180
1.130074
1.131225
1.131250
1.129925
1.130697
1.130647
1.130602
1.130586
1.130560
1.130457
1.130384
1.130378
1.130401
1.130343
1.130179
1.130219
1.130232
1.130267
1.130258
1.130121
1.130215
1.130255
1.130297
1.130316
1.130319
1.130358
1.130378
1.130061
1.130034
1.130045
1.130044
1.130043
1.130031
1.129966
1.129950
1.129941
1.129937
1.129940
1.129961
1.131354
1.131318
1.130596
1.131319
1.131358
1.131360
1.131355
1.131287
1.130695
1.130714
1.130754
1.130771
1.130707
1.130676
1.130665
1.130653
1.130656
1.130620
1.130630
1.130647
1.130660
1.130660
1.130663
1.130638
1.130637
1.130431
1.130430
1.130429
1.130483
1.130409
1.130372
1.130398
1.130394
1.130333
1.130292
1.130333
1.130256
1.130229
1.130207
1.130160
1.130119
1.130188
1.130180
1.130166
1.130170
1.130144
1.130122
