1.130076
1.130481
1.129993
1.130253
1.129941
1.130376
1.130482
1.130540
1.130539
1.130546
1.130617
1.130548
1.130545
1.130543
1.130542
1.130535
1.130543
1.130543
1.130543
1.130544
1.130543
1.130544
1.130545
1.130546
1.130546
1.130547
1.130546
1.130546
1.130547
1.130547
1.130547
1.130548
1.130549
1.130551
1.130553
1.130554
1.130554
1.130556
1.130557
1.130559
1.130560
1.130562
1.130563
1.130565
1.130567
1.130568
1.130569
1.130571
1.130573
1.130575
1.130577
1.130579
1.130599
1.130599
1.130599
1.130598
1.130595
1.130595
1.130595
1.130594
1.130592
1.130591
1.130590
1.130590
1.130588
1.130588
1.130586
1.130585
1.130583
1.130583
1.130582
1.130580
1.130580
1.130579
1.130579
1.130578
1.130576
1.130576
1.130574
1.130573
1.130573
1.130570
1.130570
1.130569
1.130568
1.130568
1.130566
1.130565
1.130565
1.130564
1.130564
1.130561
1.130561
1.130561
1.130562
1.130562
1.130559
1.130560
1.130559
1.130558