1.493678
1.478578
1.479132
1.478837
1.479213
1.478828
1.479407
1.478772
1.479228
1.479089
1.478777
1.478849
1.478996
1.477980
1.479193
1.478986
1.479317
1.478785
1.478751
1.478540
1.478915
1.478865
1.478848
1.478903
1.478919
1.478657
1.478899
1.478887
1.478864
1.478896
1.478585
1.478552
1.478606
1.479294
1.478612
1.478767
1.478489
1.478696
1.478713
1.479236
1.478656
1.478660
1.478613
1.478918
1.478690
1.479494
1.478949
1.478673
1.478850
1.478932
1.478423
1.479335
1.478879
1.478766
1.479239
1.478925
1.478621
1.479332
1.478518
1.478670
1.479382
1.478324
1.478839
1.478949
1.479339
1.478736
1.478815
1.478701
1.478714
1.478636
1.478843
1.478633
1.477886
1.478781
1.478890
1.478728
1.478420
1.478639
1.478712
1.478553
1.478643
1.478762
1.478924
1.478952
1.479014
1.478744
1.478658
1.478837
1.478658
1.478788
1.479132
1.479390
1.478703
1.478618
1.478702
1.478723
1.478671
1.478718
1.478645
1.478706
1.478845
1.478600
1.478882
1.478629
1.478845
1.478578
1.478682
1.478774
1.479078
1.478885
1.478869
1.478726
1.478840
1.478782
1.478821
1.478732
1.478637
1.478709
1.478811
1.478846
1.478732
1.478759
1.479297
1.478704
1.478790
1.478846
1.478680
1.478707
1.478602
1.478523
1.478671
1.478662
1.478612
1.478633
1.478506
1.478698
1.478810
1.478821
1.479053
1.478828
1.478395
1.478762
1.478986
1.478681
1.478713
1.478665
1.478605
1.478673
1.478581
1.478750
1.478828
1.478785
1.479162
1.478800
1.478734
1.478820
1.478850
1.478658
1.478697
1.479132
1.478672
1.478639
1.478893
1.478625
1.478623
1.478846
1.478847
1.478638
1.478623
1.478617
