1.479013
1.479526
1.479287
1.479387
1.479034
1.478924
1.479203
1.478945
1.479075
1.478889
1.479156
1.478952
1.479015
1.479203
1.478983
1.478793
1.478732
1.478691
1.479112
1.478575
1.478931
1.478855
1.479019
1.478871
1.478862
1.479423
1.479017
1.478801
1.478693
1.479066
1.478833
1.478985
1.479088
1.479000
1.478935
1.478981
1.478510
1.479026
1.478968
1.478765
1.479087
1.478884
1.478573
1.479055
1.478849
1.478712
1.479074
1.479048
1.478618
1.479062
1.478838
1.478673
1.478782
1.478996
1.478841
1.478954
1.478742
1.478980
1.479925
1.478863
1.478542
1.478825
1.478584
1.478684
1.478771
1.478867
1.478744
1.478882
1.478930
1.479223
1.478659
1.478713
1.478505
1.478800
1.478711
1.478595
1.478525
1.478796
1.478617
1.478862
1.479015
